3.385  
0.480  
1.350   
465.000 
36.330  
27.660 
14.830 
1.040  
4.190  
0.425  
0.101  
0.920  
1.000  
0.005  
0.060  
3.500  
2.000  
1.700 
2547.000 
0.023    
187.100  
521.000  
0.785    
10.000  
3.300   
0.200    
1.410   
529.000  
207.000  
85.000  
0.750   
62.000 
6654.000 
3.500    
6.800  
35.000   
4.050   
0.120    
0.023    
0.010    
1.400   
250.000  
2.500   
55.500  
100.000  
52.160  
10.550  
0.550    
60.000   
3.600   
4.288   
0.280    
0.075    
0.122    
0.048    
192.000  
3.000   
160.000  
0.900    
1.620   
0.104    
4.235   