       44.500
       15.500
      8.100
     423.000
    119.500
      115.000
      98.200
       5.500
      58.000
       6.400
       4.000
       5.700
       6.600
       0.140
       1.000
      10.800
      12.300
        6.300
  4603.000
    0.300
  419.000
  655.000
    3.500
   115.000
    25.600
     5.000
     17.500
   680.000
   406.000
    325.000
     12.300
   1320.000
 5712.000
    3.900
    179.000
   56.000
    17.000
     1.000
     0.400
     0.250
     12.500
   490.000
     12.100
   175.000
  157.000
   440.000
   179.500
    2.400
   81.000
    21.000
    39.200
    1.900
    1.200
    3.000
    0.330
  180.000
    25.000
  169.000
    2.600
    11.400
    2.500
     50.400